$ANSIBLE_VAULT;1.1;AES256
35373232336531323437363738396161393264633639336539303530633563623936363864633232
6537396434373563373232633538346163363337333939360a613566346635366264386635616332
34336561626565376138353266326338663832396661393961633434323630396166326139333236
3833396230313630390a353561343164303930386135633461376637653938656563343930343830
30373430396332663761336461623836666666376638346162646137666630346663303836623735
65356365383061396332363537363134623233313335323937353031383936333866623764333838
37376233353037373461366434323434643561363161343061343530653430656636306536653237
65613363663431653433383165636338316335653535306530336635303962616431643865393466
34343466623931333134386235303635336565303662326330643930396237616339646230306534
33373837393465336664616165363766663366363432666332386333636233363434623138643539
356434356164643365376162356234643632
